# Level | Average | Average Max | Max of Max | Average Median | Max of Median
1 0.0606423009 0.0667253519 0.3984063745 0.0667253519 0.3984063745
2 0.0703940903 0.0868501178 0.4469273743 0.0775728913 0.4469273743
3 0.0821259846 0.1169805354 0.7048458150 0.0845420089 0.4020677771
4 0.0978289950 0.1543044972 0.9137635637 0.1004269635 0.3735144312
5 0.1205630321 0.1927387638 1.0864841373 0.1279203721 0.4196255649
6 0.1455465536 0.2261649645 0.9072580645 0.1594261758 0.4126547455
7 0.1738058876 0.2906637675 1.4919354839 0.1884584593 0.4168514412
8 0.1965925680 0.3647989537 0.6119188801 0.1885346219 0.4079906987
9 0.2212882324 0.5864594451 0.9349746288 0.1580005697 0.3983001417
10 0.2279766485 1.2458133544 1.7194803975 0.0755311952 0.4050558782
11 0.2756927492 0.3858745919 0.3940315805 0.3021205942 0.3080043236